%YAML:1.0
---
mtxR: !!opencv-matrix
   rows: 3
   cols: 3
   dt: d
   data: [ 4.6970588856697560e+02, 0., 3.1318954658258946e+02, 0.,
       4.7049266066472222e+02, 2.4370749369983506e+02, 0., 0., 1. ]
mtxL: !!opencv-matrix
   rows: 3
   cols: 3
   dt: d
   data: [ 4.7270499219105540e+02, 0., 3.1394033531872077e+02, 0.,
       4.7270361477286855e+02, 2.4990494928249055e+02, 0., 0., 1. ]
distR: !!opencv-matrix
   rows: 1
   cols: 5
   dt: d
   data: [ -4.2639006621825393e-01, 2.1358044269538043e-01,
       5.4278257641611092e-04, -8.6604447567780330e-04,
       -5.3205450816772755e-02 ]
distL: !!opencv-matrix
   rows: 1
   cols: 5
   dt: d
   data: [ -4.2649781323883301e-01, 2.0541300812912117e-01,
       -1.6387601383431279e-03, -1.7265215820509220e-03,
       -3.7846521428828730e-02 ]
R: !!opencv-matrix
   rows: 3
   cols: 3
   dt: d
   data: [ 9.9991923676937355e-01, 3.0744484790545751e-03,
       -1.2331573504751385e-02, -2.8104800990736561e-03,
       9.9976776206106122e-01, 2.1366402248155184e-02,
       1.2394399548431471e-02, -2.1330018986557397e-02,
       9.9969565826298701e-01 ]
T: [ -1.0760582145671325e-01, 2.2598973045898042e-04,
    -2.0645338971220424e-03 ]
E: !!opencv-matrix
   rows: 3
   cols: 3
   dt: d
   data: [ -3.0013244185735419e-06, 2.0592340687834486e-03,
       2.7003261405272644e-04, -7.3065761382308894e-04,
       -2.3015815178357626e-03, 1.0759853146560382e-01,
       7.6452540950305457e-05, -1.0758152609630342e-01,
       -2.2963624565148296e-03 ]
F: !!opencv-matrix
   rows: 3
   cols: 3
   dt: d
   data: [ 8.7591892513870752e-09, -6.0097713425063902e-06,
       1.1265950633890496e-03, 2.1288155511496394e-06,
       6.7058177617730207e-06, -1.5053473686328533e-01,
       -6.2635342649237761e-04, 1.4772210225599100e-01, 1. ]
optR: !!opencv-matrix
   rows: 3
   cols: 3
   dt: d
   data: [ 2.8256085205078125e+02, 0., 2.9515552366597694e+02, 0.,
       2.7636660766601562e+02, 2.5099889461954081e+02, 0., 0., 1. ]
optL: !!opencv-matrix
   rows: 3
   cols: 3
   dt: d
   data: [ 3.2901367187500000e+02, 0., 3.0883625680580735e+02, 0.,
       3.2536590576171875e+02, 2.4877519134095564e+02, 0., 0., 1. ]
R1: !!opencv-matrix
   rows: 3
   cols: 3
   dt: d
   data: [ 9.9997670268340455e-01, 5.6542877947403727e-04,
       6.8025275244882897e-03, -6.3806043116580594e-04,
       9.9994276649963709e-01, 1.0679728645361543e-02,
       -6.7960995660936883e-03, -1.0683820259987431e-02,
       9.9991983129415929e-01 ]
R2: !!opencv-matrix
   rows: 3
   cols: 3
   dt: d
   data: [ 9.9981379384780933e-01, -2.0997716175763558e-03,
       1.9182507417021960e-02, 2.3045657594606031e-03,
       9.9994052248677023e-01, -1.0660228212628116e-02,
       -1.9158982444545523e-02, 1.0702450562325033e-02,
       9.9975916647143104e-01 ]
P1: !!opencv-matrix
   rows: 3
   cols: 4
   dt: d
   data: [ 3.2549058879704518e+02, 0., 2.9249718475341797e+02, 0., 0.,
       3.2549058879704518e+02, 2.4997620964050293e+02, 0., 0., 0., 1.,
       0. ]
P2: !!opencv-matrix
   rows: 3
   cols: 4
   dt: d
   data: [ 3.2549058879704518e+02, 0., 2.9249718475341797e+02,
       -3.5031205209864048e+01, 0., 3.2549058879704518e+02,
       2.4997620964050293e+02, 0., 0., 0., 1., 0. ]
Q: !!opencv-matrix
   rows: 4
   cols: 4
   dt: d
   data: [ 1., 0., 0., -2.9249718475341797e+02, 0., 1., 0.,
       -2.4997620964050293e+02, 0., 0., 0., 3.2549058879704518e+02, 0.,
       0., 9.2914470640420301e+00, 0. ]
